1000 2000
1 121
2 468
3 366
4 107
5 566
6 898
7 488
8 630
9 853
10 245
11 400
12 439
13 57
14 633
15 883
16 961
17 234
18 455
19 289
20 637
21 603
22 36
23 619
24 519
25 932
26 896
27 237
28 11
29 724
30 645
31 20
32 700
33 701
34 685
35 631
36 336
37 612
38 194
39 634
40 509
41 984
42 610
43 154
44 142
45 513
46 821
47 343
48 205
49 954
50 117
51 863
52 110
53 897
54 549
55 129
56 85
57 847
58 845
59 173
60 669
61 662
62 478
63 905
64 208
65 226
66 698
67 736
68 371
69 3
70 548
71 350
72 40
73 819
74 778
75 652
76 992
77 881
78 477
79 7
80 112
81 554
82 33
83 56
84 607
85 781
86 909
87 801
88 152
89 556
90 546
91 487
92 765
93 22
94 964
95 846
96 507
97 703
98 944
99 915
100 813
101 85
102 970
103 203
104 406
105 765
106 824
107 290
108 120
109 896
110 136
111 203
112 370
113 839
114 62
115 116
116 629
117 422
118 298
119 426
120 316
121 895
122 584
123 813
124 455
125 62
126 584
127 18
128 853
129 930
130 146
131 289
132 935
133 561
134 192
135 27
136 582
137 829
138 649
139 841
140 955
141 620
142 682
143 255
144 421
145 343
146 117
147 924
148 958
149 848
150 217
151 85
152 406
153 518
154 599
155 916
156 499
157 158
158 746
159 345
160 181
161 806
162 435
163 189
164 750
165 845
166 266
167 808
168 647
169 35
170 533
171 799
172 772
173 456
174 470
175 695
176 214
177 330
178 392
179 113
180 943
181 658
182 59
183 6
184 713
185 61
186 881
187 418
188 960
189 274
190 526
191 425
192 84
193 304
194 660
195 149
196 186
197 494
198 503
199 574
200 77
201 308
202 278
203 924
204 316
205 417
206 312
207 949
208 49
209 903
210 702
211 170
212 764
213 633
214 401
215 522
216 748
217 429
218 474
219 689
220 963
221 847
222 846
223 373
224 507
225 109
226 716
227 468
228 794
229 321
230 510
231 719
232 825
233 817
234 36
235 635
236 381
237 133
238 689
239 297
240 748
241 931
242 370
243 58
244 571
245 357
246 659
247 449
248 902
249 138
250 399
251 755
252 20
253 812
254 610
255 229
256 460
257 903
258 417
259 207
260 699
261 842
262 155
263 726
264 394
265 981
266 344
267 946
268 598
269 764
270 142
271 615
272 739
273 178
274 940
275 32
276 478
277 789
278 801
279 151
280 448
281 268
282 565
283 656
284 920
285 753
286 700
287 13
288 207
289 805
290 175
291 477
292 715
293 482
294 596
295 904
296 776
297 642
298 662
299 588
300 13
301 712
302 849
303 138
304 995
305 783
306 17
307 841
308 871
309 578
310 750
311 670
312 102
313 266
314 758
315 431
316 278
317 498
318 804
319 639
320 282
321 332
322 739
323 792
324 589
325 663
326 899
327 257
328 580
329 36
330 255
331 834
332 127
333 214
334 139
335 734
336 418
337 427
338 659
339 138
340 737
341 858
342 140
343 627
344 56
345 504
346 375
347 449
348 723
349 165
350 627
351 279
352 836
353 24
354 306
355 680
356 972
357 58
358 547
359 333
360 882
361 758
362 261
363 836
364 324
365 914
366 543
367 886
368 128
369 25
370 14
371 850
372 837
373 667
374 900
375 423
376 192
377 112
378 736
379 86
380 288
381 450
382 533
383 415
384 408
385 974
386 996
387 104
388 907
389 457
390 760
391 360
392 878
393 327
394 254
395 978
396 597
397 303
398 304
399 140
400 959
401 488
402 321
403 698
404 152
405 775
406 441
407 170
408 122
409 882
410 488
411 860
412 320
413 462
414 45
415 433
416 226
417 844
418 429
419 349
420 916
421 439
422 978
423 669
424 263
425 652
426 971
427 510
428 413
429 921
430 824
431 888
432 807
433 596
434 125
435 799
436 129
437 833
438 264
439 631
440 534
441 827
442 981
443 26
444 968
445 899
446 41
447 416
448 283
449 820
450 753
451 752
452 872
453 953
454 223
455 521
456 509
457 650
458 436
459 498
460 803
461 929
462 755
463 199
464 58
465 598
466 53
467 722
468 337
469 245
470 304
471 391
472 580
473 797
474 813
475 90
476 456
477 953
478 700
479 362
480 612
481 555
482 228
483 592
484 169
485 72
486 16
487 852
488 374
489 603
490 291
491 477
492 397
493 765
494 826
495 603
496 72
497 783
498 966
499 370
500 846
501 317
502 80
503 39
504 516
505 362
506 172
507 76
508 141
509 133
510 65
511 555
512 949
513 74
514 884
515 249
516 702
517 163
518 30
519 984
520 583
521 200
522 349
523 732
524 952
525 825
526 992
527 813
528 969
529 211
530 18
531 671
532 985
533 331
534 515
535 296
536 475
537 190
538 77
539 806
540 898
541 939
542 712
543 241
544 539
545 734
546 527
547 324
548 879
549 577
550 900
551 908
552 754
553 980
554 786
555 647
556 966
557 346
558 85
559 689
560 369
561 358
562 106
563 929
564 116
565 392
566 568
567 618
568 558
569 589
570 772
571 513
572 87
573 223
574 87
575 643
576 486
577 108
578 194
579 219
580 298
581 669
582 932
583 392
584 310
585 108
586 916
587 6
588 544
589 867
590 328
591 129
592 105
593 386
594 438
595 541
596 833
597 782
598 126
599 147
600 167
601 908
602 765
603 291
604 804
605 387
606 822
607 532
608 894
609 143
610 161
611 859
612 153
613 865
614 391
615 698
616 424
617 712
618 619
619 8
620 475
621 563
622 75
623 689
624 262
625 644
626 408
627 699
628 783
629 544
630 808
631 702
632 981
633 48
634 52
635 389
636 903
637 642
638 587
639 921
640 285
641 384
642 111
643 401
644 706
645 467
646 975
647 239
648 993
649 738
650 118
651 122
652 163
653 118
654 671
655 603
656 834
657 76
658 30
659 161
660 978
661 123
662 747
663 351
664 334
665 458
666 876
667 105
668 813
669 3
670 794
671 780
672 126
673 697
674 721
675 91
676 453
677 672
678 982
679 793
680 667
681 170
682 704
683 46
684 426
685 687
686 540
687 864
688 376
689 448
690 554
691 828
692 613
693 427
694 942
695 163
696 636
697 759
698 67
699 249
700 590
701 871
702 425
703 991
704 943
705 337
706 994
707 465
708 395
709 580
710 151
711 162
712 92
713 235
714 492
715 809
716 417
717 702
718 923
719 646
720 917
721 13
722 728
723 365
724 447
725 965
726 168
727 697
728 754
729 559
730 454
731 693
732 606
733 734
734 204
735 795
736 743
737 712
738 102
739 90
740 691
741 76
742 469
743 794
744 298
745 393
746 736
747 378
748 933
749 134
750 744
751 932
752 834
753 420
754 330
755 577
756 143
757 60
758 544
759 976
760 169
761 298
762 709
763 835
764 127
765 457
766 555
767 357
768 32
769 696
770 66
771 704
772 600
773 834
774 954
775 841
776 542
777 932
778 67
779 55
780 229
781 788
782 763
783 621
784 814
785 520
786 857
787 186
788 404
789 625
790 652
791 683
792 168
793 124
794 919
795 394
796 365
797 633
798 668
799 840
800 837
801 380
802 346
803 237
804 68
805 41
806 332
807 998
808 464
809 487
810 35
811 209
812 991
813 489
814 748
815 380
816 533
817 89
818 21
819 605
820 598
821 369
822 951
823 406
824 45
825 381
826 536
827 477
828 914
829 560
830 477
831 908
832 265
833 226
834 217
835 848
836 443
837 526
838 553
839 773
840 188
841 858
842 720
843 915
844 590
845 443
846 690
847 677
848 375
849 540
850 859
851 276
852 612
853 63
854 243
855 468
856 428
857 939
858 193
859 686
860 503
861 854
862 85
863 903
864 11
865 126
866 943
867 766
868 273
869 899
870 935
871 8
872 535
873 247
874 418
875 739
876 647
877 36
878 815
879 600
880 689
881 857
882 103
883 375
884 700
885 201
886 296
887 202
888 982
889 747
890 421
891 503
892 334
893 866
894 271
895 332
896 773
897 816
898 905
899 465
900 499
901 923
902 405
903 475
904 603
905 852
906 740
907 366
908 644
909 503
910 820
911 392
912 124
913 591
914 995
915 645
916 752
917 708
918 203
919 808
920 828
921 741
922 783
923 525
924 478
925 433
926 673
927 667
928 974
929 86
930 964
931 829
932 130
933 350
934 102
935 765
936 453
937 627
938 771
939 847
940 460
941 929
942 557
943 479
944 925
945 29
946 379
947 741
948 869
949 625
950 579
951 65
952 614
953 97
954 635
955 756
956 140
957 879
958 995
959 170
960 180
961 73
962 390
963 558
964 537
965 990
966 262
967 773
968 490
969 230
970 193
971 126
972 936
973 355
974 349
975 898
976 185
977 304
978 598
979 450
980 55
981 930
982 796
983 350
984 505
985 899
986 215
987 34
988 714
989 344
990 626
991 572
992 630
993 601
994 668
995 387
996 539
997 997
998 941
999 934
1000 766
1 605
2 251
3 640
4 433
5 454
6 127
7 260
8 746
9 736
10 571
11 834
12 282
13 546
14 116
15 248
16 276
17 41
18 54
19 637
20 775
21 229
22 59
23 147
24 603
25 619
26 494
27 336
28 685
29 961
30 359
31 187
32 362
33 662
34 682
35 449
36 680
37 157
38 916
39 52
40 772
41 954
42 286
43 976
44 771
45 790
46 291
47 85
48 486
49 420
50 112
51 499
52 943
53 304
54 160
55 537
56 546
57 105
58 37
59 812
60 958
61 790
62 573
63 784
64 378
65 385
66 473
67 618
68 862
69 665
70 566
71 119
72 123
73 3
74 863
75 819
76 942
77 82
78 374
79 812
80 328
81 409
82 849
83 266
84 850
85 858
86 242
87 58
88 503
89 146
90 901
91 576
92 121
93 104
94 92
95 980
96 382
97 500
98 599
99 387
100 317
101 671
102 222
103 819
104 853
105 991
106 376
107 941
108 439
109 339
110 594
111 465
112 729
113 223
114 485
115 550
116 940
117 308
118 932
119 518
120 143
121 415
122 116
123 717
124 762
125 989
126 996
127 19
128 909
129 881
130 438
131 442
132 481
133 986
134 496
135 656
136 188
137 30
138 412
139 857
140 482
141 299
142 617
143 164
144 550
145 437
146 845
147 897
148 618
149 541
150 41
151 74
152 566
153 81
154 244
155 900
156 555
157 504
158 57
159 862
160 994
161 358
162 32
163 556
164 899
165 152
166 982
167 742
168 726
169 828
170 362
171 910
172 895
173 76
174 36
175 842
176 796
177 951
178 167
179 325
180 144
181 100
182 400
183 369
184 841
185 365
186 874
187 401
188 742
189 594
190 101
191 683
192 971
193 548
194 862
195 125
196 268
197 62
198 263
199 398
200 454
201 103
202 171
203 789
204 179
205 130
206 178
207 491
208 46
209 400
210 104
211 603
212 337
213 730
214 718
215 895
216 956
217 661
218 714
219 535
220 276
221 582
222 1
223 132
224 727
225 677
226 937
227 347
228 213
229 909
230 575
231 735
232 688
233 767
234 870
235 41
236 927
237 609
238 191
239 711
240 188
241 384
242 355
243 342
244 490
245 496
246 347
247 241
248 828
249 965
250 167
251 605
252 346
253 727
254 123
255 871
256 103
257 39
258 62
259 500
260 191
261 829
262 279
263 135
264 823
265 367
266 913
267 568
268 859
269 677
270 966
271 348
272 471
273 3
274 348
275 891
276 227
277 657
278 641
279 232
280 331
281 696
282 518
283 246
284 742
285 969
286 390
287 960
288 645
289 997
290 937
291 888
292 548
293 689
294 521
295 357
296 106
297 220
298 518
299 123
300 581
301 777
302 381
303 152
304 997
305 818
306 134
307 343
308 379
309 230
310 645
311 445
312 397
313 829
314 169
315 493
316 312
317 33
318 391
319 852
320 976
321 952
322 922
323 861
324 739
325 79
326 798
327 781
328 481
329 989
330 786
331 7
332 140
333 518
334 649
335 553
336 316
337 367
338 247
339 923
340 836
341 47
342 581
343 415
344 353
345 493
346 491
347 718
348 520
349 28
350 46
351 73
352 827
353 664
354 146
355 628
356 854
357 518
358 411
359 919
360 21
361 351
362 861
363 389
364 443
365 638
366 305
367 877
368 180
369 615
370 178
371 944
372 785
373 467
374 17
375 929
376 371
377 507
378 509
379 247
380 586
381 81
382 261
383 454
384 943
385 713
386 179
387 475
388 373
389 21
390 698
391 796
392 954
393 327
394 903
395 485
396 185
397 193
398 971
399 713
400 188
401 613
402 538
403 904
404 848
405 101
406 286
407 361
408 647
409 215
410 258
411 348
412 10
413 165
414 333
415 939
416 91
417 408
418 444
419 728
420 460
421 829
422 505
423 160
424 915
425 380
426 988
427 459
428 563
429 530
430 745
431 178
432 534
433 794
434 59
435 972
436 541
437 355
438 604
439 843
440 427
441 816
442 826
443 158
444 762
445 351
446 787
447 789
448 992
449 962
450 395
451 776
452 748
453 243
454 254
455 358
456 108
457 379
458 987
459 469
460 112
461 826
462 796
463 118
464 469
465 80
466 812
467 215
468 106
469 359
470 398
471 734
472 803
473 600
474 302
475 642
476 3
477 347
478 396
479 565
480 591
481 199
482 465
483 599
484 135
485 968
486 429
487 292
488 540
489 700
490 865
491 163
492 367
493 135
494 732
495 600
496 20
497 708
498 688
499 683
500 537
501 573
502 684
503 634
504 565
505 660
506 971
507 149
508 940
509 611
510 355
511 760
512 981
513 423
514 876
515 911
516 361
517 198
518 981
519 500
520 649
521 520
522 673
523 405
524 493
525 236
526 368
527 668
528 866
529 700
530 622
531 293
532 657
533 712
534 28
535 19
536 514
537 830
538 35
539 474
540 995
541 281
542 351
543 928
544 345
545 105
546 180
547 942
548 258
549 819
550 240
551 821
552 726
553 189
554 34
555 18
556 899
557 279
558 141
559 329
560 293
561 304
562 281
563 241
564 987
565 62
566 103
567 269
568 396
569 857
570 397
571 529
572 163
573 508
574 503
575 369
576 170
577 743
578 61
579 388
580 57
581 424
582 411
583 48
584 460
585 799
586 566
587 469
588 679
589 11
590 119
591 236
592 690
593 705
594 182
595 692
596 998
597 111
598 940
599 283
600 2
601 909
602 547
603 399
604 423
605 709
606 659
607 219
608 684
609 664
610 846
611 156
612 219
613 751
614 273
615 867
616 891
617 234
618 779
619 188
620 495
621 633
622 589
623 385
624 739
625 162
626 838
627 457
628 326
629 810
630 369
631 60
632 802
633 776
634 386
635 146
636 876
637 13
638 624
639 750
640 141
641 348
642 783
643 16
644 164
645 961
646 18
647 937
648 433
649 314
650 799
651 765
652 331
653 752
654 787
655 368
656 321
657 162
658 658
659 261
660 870
661 202
662 891
663 873
664 295
665 786
666 353
667 441
668 365
669 127
670 989
671 879
672 609
673 30
674 48
675 147
676 848
677 574
678 222
679 777
680 145
681 899
682 25
683 13
684 11
685 602
686 728
687 50
688 988
689 19
690 824
691 714
692 353
693 363
694 878
695 937
696 456
697 909
698 719
699 376
700 608
701 575
702 572
703 306
704 323
705 919
706 157
707 301
708 705
709 640
710 519
711 745
712 939
713 880
714 116
715 970
716 178
717 878
718 862
719 691
720 59
721 304
722 451
723 347
724 302
725 276
726 526
727 246
728 150
729 109
730 690
731 937
732 854
733 845
734 170
735 568
736 327
737 717
738 689
739 91
740 446
741 427
742 343
743 349
744 498
745 79
746 773
747 472
748 248
749 907
750 760
751 576
752 48
753 28
754 317
755 304
756 125
757 226
758 5
759 47
760 393
761 910
762 152
763 597
764 948
765 580
766 890
767 95
768 711
769 546
770 643
771 459
772 189
773 771
774 246
775 631
776 959
777 102
778 847
779 223
780 501
781 55
782 997
783 242
784 347
785 114
786 890
787 826
788 528
789 864
790 444
791 102
792 713
793 643
794 697
795 534
796 276
797 745
798 399
799 916
800 188
801 679
802 760
803 700
804 264
805 301
806 387
807 276
808 780
809 685
810 344
811 23
812 377
813 781
814 544
815 339
816 911
817 908
818 250
819 835
820 689
821 64
822 565
823 845
824 103
825 542
826 745
827 545
828 75
829 710
830 356
831 215
832 702
833 929
834 35
835 821
836 293
837 298
838 976
839 47
840 725
841 614
842 47
843 842
844 521
845 421
846 723
847 930
848 99
849 359
850 622
851 366
852 496
853 563
854 227
855 125
856 114
857 913
858 597
859 721
860 555
861 841
862 202
863 70
864 330
865 129
866 320
867 446
868 747
869 722
870 46
871 614
872 931
873 203
874 110
875 75
876 18
877 722
878 325
879 680
880 818
881 813
882 447
883 714
884 89
885 988
886 718
887 139
888 702
889 909
890 707
891 378
892 699
893 255
894 491
895 883
896 413
897 975
898 513
899 392
900 102
901 277
902 184
903 376
904 313
905 8
906 433
907 293
908 453
909 152
910 107
911 391
912 589
913 915
914 902
915 740
916 394
917 486
918 979
919 340
920 410
921 181
922 742
923 836
924 15
925 667
926 913
927 676
928 711
929 226
930 661
931 42
932 210
933 932
934 579
935 541
936 630
937 72
938 402
939 82
940 555
941 425
942 684
943 550
944 802
945 317
946 788
947 783
948 352
949 749
950 489
951 926
952 994
953 173
954 980
955 919
956 533
957 346
958 361
959 645
960 93
961 756
962 580
963 228
964 490
965 66
966 182
967 656
968 337
969 361
970 111
971 323
972 84
973 898
974 783
975 983
976 495
977 193
978 35
979 696
980 878
981 131
982 324
983 961
984 735
985 733
986 46
987 37
988 950
989 658
990 9
991 284
992 709
993 756
994 987
995 798
996 844
997 457
998 61
999 737
1000 136
